#! FIELDS time d1 uwall.bias uwall.force2 metad.bias
 0.000000 1.406000 0.000000 0.000000 0.000000
 1.000000 1.408481 0.000000 0.000000 0.000000
 2.000000 1.420749 0.000000 0.000000 0.044317
 3.000000 1.440461 0.000000 0.000000 0.058623
 4.000000 1.469212 0.000000 0.000000 0.035841
 5.000000 1.502225 0.000000 0.000000 0.023274
 6.000000 1.538160 0.000000 0.000000 0.018755
 7.000000 1.574452 0.000000 0.000000 0.018044
 8.000000 1.610310 0.000000 0.000000 0.018494
 9.000000 1.648138 0.000000 0.000000 0.016403
 10.000000 1.682426 0.000000 0.000000 0.020146
 11.000000 1.714750 0.000000 0.000000 0.022962
 12.000000 1.748003 0.000000 0.000000 0.022097
 13.000000 1.780997 0.000000 0.000000 0.022273
 14.000000 1.809063 0.000000 0.000000 0.029021
 15.000000 1.835435 0.000000 0.000000 0.033219
 16.000000 1.861836 0.000000 0.000000 0.034059
 17.000000 1.884234 0.000000 0.000000 0.041246
 18.000000 1.904764 0.000000 0.000000 0.048009
 19.000000 1.921993 0.000000 0.000000 0.058029
 20.000000 1.936929 0.000000 0.000000 0.069400
 21.000000 1.947555 0.000000 0.000000 0.088732
 22.000000 1.955494 0.000000 0.000000 0.112842
 23.000000 1.963220 0.000000 0.000000 0.133621
 24.000000 1.976457 0.000000 0.000000 0.123734
 25.000000 1.993412 0.000000 0.000000 0.093306
 26.000000 2.013280 0.000000 0.000000 0.065150
 27.000000 2.036621 0.000000 0.000000 0.046863
 28.000000 2.056558 0.000000 0.000000 0.049619
 29.000000 2.072650 0.000000 0.000000 0.061388
 30.000000 2.088131 0.000000 0.000000 0.070099
 31.000000 2.102910 0.000000 0.000000 0.076229
 32.000000 2.121665 0.000000 0.000000 0.066872
 33.000000 2.138128 0.000000 0.000000 0.067070
 34.000000 2.154908 0.000000 0.000000 0.067602
 35.000000 2.172235 0.000000 0.000000 0.066392
 36.000000 2.191177 0.000000 0.000000 0.061025
 37.000000 2.207904 0.000000 0.000000 0.064117
 38.000000 2.227446 0.000000 0.000000 0.059128
 39.000000 2.249169 0.000000 0.000000 0.050625
 40.000000 2.268559 0.000000 0.000000 0.052710
 41.000000 2.285920 0.000000 0.000000 0.059616
 42.000000 2.302824 0.000000 0.000000 0.064595
 43.000000 2.323553 0.000000 0.000000 0.056328
 44.000000 2.343906 0.000000 0.000000 0.052496
 45.000000 2.363387 0.000000 0.000000 0.053744
 46.000000 2.383530 0.000000 0.000000 0.053183
 47.000000 2.403508 0.000000 0.000000 0.053059
 48.000000 2.423765 0.000000 0.000000 0.052428
 49.000000 2.442635 0.000000 0.000000 0.055405
 50.000000 2.463582 0.000000 0.000000 0.052062
 51.000000 2.485159 0.000000 0.000000 0.048620
 52.000000 2.509221 0.000000 0.000000 0.042192
 53.000000 2.532167 0.000000 0.000000 0.042302
 54.000000 2.556453 0.000000 0.000000 0.040230
 55.000000 2.583152 0.000000 0.000000 0.034926
 56.000000 2.610678 0.000000 0.000000 0.032162
 57.000000 2.634510 0.000000 0.000000 0.037969
 58.000000 2.658845 0.000000 0.000000 0.039245
 59.000000 2.683986 0.000000 0.000000 0.037673
 60.000000 2.708791 0.000000 0.000000 0.037747
 61.000000 2.731441 0.000000 0.000000 0.041950
 62.000000 2.755612 0.000000 0.000000 0.040602
 63.000000 2.780784 0.000000 0.000000 0.037823
 64.000000 2.806092 0.000000 0.000000 0.036824
 65.000000 2.831713 0.000000 0.000000 0.036116
 66.000000 2.855705 0.000000 0.000000 0.038874
 67.000000 2.881055 0.000000 0.000000 0.037374
 68.000000 2.907070 0.000000 0.000000 0.035464
 69.000000 2.933185 0.000000 0.000000 0.034848
 70.000000 2.957753 0.000000 0.000000 0.037491
 71.000000 2.982144 0.000000 0.000000 0.038749
 72.000000 3.005333 0.000000 0.000000 0.041260
 73.000000 3.027060 0.000000 0.000000 0.045099
 74.000000 3.046878 0.000000 0.000000 0.050646
 75.000000 3.068570 0.000000 0.000000 0.048789
 76.000000 3.089416 0.000000 0.000000 0.049187
 77.000000 3.110179 0.000000 0.000000 0.049867
 78.000000 3.129485 0.000000 0.000000 0.053446
 79.000000 3.147968 0.000000 0.000000 0.057263
 80.000000 3.164334 0.000000 0.000000 0.064367
 81.000000 3.181165 0.000000 0.000000 0.067099
 82.000000 3.199784 0.000000 0.000000 0.062718
 83.000000 3.219531 0.000000 0.000000 0.056928
 84.000000 3.237703 0.000000 0.000000 0.058495
 85.000000 3.256849 0.000000 0.000000 0.057633
 86.000000 3.276458 0.000000 0.000000 0.055712
 87.000000 3.296851 0.000000 0.000000 0.052929
 88.000000 3.318176 0.000000 0.000000 0.049635
 89.000000 3.340441 0.000000 0.000000 0.046346
 90.000000 3.366206 0.000000 0.000000 0.038147
 91.000000 3.395766 0.000000 0.000000 0.029345
 92.000000 3.420739 0.000000 0.000000 0.035057
 93.000000 3.440536 0.000000 0.000000 0.047006
 94.000000 3.463332 0.000000 0.000000 0.045802
 95.000000 3.486350 0.000000 0.000000 0.043444
 96.000000 3.509187 0.008440 3.375935 0.043188
 97.000000 3.531659 0.100226 40.090481 0.044049
 98.000000 3.545990 0.211507 84.602905 0.062194
 99.000000 3.545681 0.208671 83.468368 0.112895
 100.000000 3.534697 0.120388 48.155137 0.178212
