#! FIELDS time d1
 0.000000    0.0000000000
 1.000000    0.0000000000
 2.000000    0.8717802969
 3.000000    2.2889137372
 4.000000    2.0375421625
 5.000000    1.3727851598
 6.000000    1.1484566973
 7.000000    1.1033708334
 8.000000    1.1173685172
 9.000000    1.0418096155
 10.000000    1.1631550773
 11.000000    1.2765528748
 12.000000    1.2689877279
 13.000000    1.2656127596
 14.000000    1.4458798519
 15.000000    1.6348639274
 16.000000    1.7021581653
 17.000000    1.8494571076
 18.000000    2.0811992586
 19.000000    2.3403940500
 20.000000    2.6525753453
 21.000000    3.0101905816
 22.000000    3.4457425812
 23.000000    4.0303262145
 24.000000    4.7007005548
 25.000000    4.3419590240
 26.000000    3.2436307876
 27.000000    2.3667659104
 28.000000    2.1842986320
 29.000000    2.3963521059
 30.000000    2.7265343792
 31.000000    2.9846496671
 32.000000    2.9992741583
 33.000000    2.8533167880
 34.000000    2.8341861705
 35.000000    2.8366336807
 36.000000    2.7325891689
 37.000000    2.6860216047
 38.000000    2.6415921626
 39.000000    2.4102642280
 40.000000    2.3105948047
 41.000000    2.4453390432
 42.000000    2.6457159661
 43.000000    2.6131870507
 44.000000    2.4045578100
 45.000000    2.3589380706
 46.000000    2.3772818313
 47.000000    2.3679696236
 48.000000    2.3534815929
 49.000000    2.3905280868
 50.000000    2.3862463695
 51.000000    2.2667682002
 52.000000    2.0784860887
 53.000000    1.9778256065
 54.000000    1.9478377453
 55.000000    1.7954588085
 56.000000    1.6624023708
 57.000000    1.7595221223
 58.000000    1.8799534874
 59.000000    1.8547311872
 60.000000    1.8315489258
 61.000000    1.9179756445
 62.000000    1.9585093498
 63.000000    1.8706184017
 64.000000    1.8114192085
 65.000000    1.7865008600
 66.000000    1.8357844083
 67.000000    1.8462289886
 68.000000    1.7765154184
 69.000000    1.7391504384
 70.000000    1.7909974522
 71.000000    1.8576649293
 72.000000    1.9222094546
 73.000000    2.0296480487
 74.000000    2.1789343633
 75.000000    2.2560322080
 76.000000    2.2283339915
 77.000000    2.2458022040
 78.000000    2.3165545645
 79.000000    2.4368804476
 80.000000    2.5989627621
 81.000000    2.7674302261
 82.000000    2.7635929936
 83.000000    2.5879266651
 84.000000    2.5111035580
 85.000000    2.5263454596
 86.000000    2.4868782475
 87.000000    2.4039000987
 88.000000    2.2978500001
 89.000000    2.1834377983
 90.000000    1.9408752462
 91.000000    1.6112705638
 92.000000    1.6573386550
 93.000000    1.9534444084
 94.000000    2.1459537062
 95.000000    2.0605571749
 96.000000    0.1790333675
 97.000000   -4.2954911961
 98.000000   -6.9193303139
 99.000000   -6.8789682303
 100.000000   -6.4049602473
