#! FIELDS time d1 sigma_d1 height biasf
#! SET multivariate false
#! SET kerneltype stretched-gaussian
     0.9999999999999999      1.408481071418452                  0.025                   0.05                     -1
                      2      1.420748866157498                  0.025                   0.05                     -1
                      3      1.440461058431858                  0.025                   0.05                     -1
                      4      1.469212267056798                  0.025                   0.05                     -1
      4.999999999999999      1.502225465905083                  0.025                   0.05                     -1
      5.999999999999999      1.538159586017991                  0.025                   0.05                     -1
      6.999999999999999       1.57445174196987                  0.025                   0.05                     -1
      7.999999999999999      1.610309512367581                  0.025                   0.05                     -1
      8.999999999999998      1.648137892004817                  0.025                   0.05                     -1
      9.999999999999998      1.682426322990705                  0.025                   0.05                     -1
                     11      1.714750472577645                  0.025                   0.05                     -1
                     12      1.748002917375962                  0.025                   0.05                     -1
                     13       1.78099671411971                  0.025                   0.05                     -1
                     14       1.80906257041623                  0.025                   0.05                     -1
                     15      1.835434828122553                  0.025                   0.05                     -1
                     16       1.86183630510959                  0.025                   0.05                     -1
                     17       1.88423399181233                  0.025                   0.05                     -1
                     18      1.904763860778053                  0.025                   0.05                     -1
                     19      1.921992634478406                  0.025                   0.05                     -1
                     20      1.936929048255277                  0.025                   0.05                     -1
                     21      1.947555200611585                  0.025                   0.05                     -1
                     22      1.955493574112046                  0.025                   0.05                     -1
                     23      1.963220122040737                  0.025                   0.05                     -1
                     24      1.976456840637096                  0.025                   0.05                     -1
                     25      1.993412392963167                  0.025                   0.05                     -1
                     26       2.01327970319557                  0.025                   0.05                     -1
                     27      2.036621481309435                  0.025                   0.05                     -1
                     28      2.056557879181018                  0.025                   0.05                     -1
                     29      2.072649514381071                  0.025                   0.05                     -1
                     30      2.088131283618338                  0.025                   0.05                     -1
                     31      2.102910452839376                  0.025                   0.05                     -1
                     32      2.121665244602101                  0.025                   0.05                     -1
      32.99999999999999       2.13812791728497                  0.025                   0.05                     -1
      33.99999999999999      2.154907934223057                  0.025                   0.05                     -1
      34.99999999999999      2.172235119409624                  0.025                   0.05                     -1
      35.99999999999999      2.191176512936547                  0.025                   0.05                     -1
      36.99999999999999      2.207903736383709                  0.025                   0.05                     -1
      37.99999999999999      2.227445732320921                  0.025                   0.05                     -1
      38.99999999999999        2.2491689567344                  0.025                   0.05                     -1
      39.99999999999999      2.268559279309144                  0.025                   0.05                     -1
      40.99999999999999      2.285919502833488                  0.025                   0.05                     -1
      41.99999999999999      2.302823696958216                  0.025                   0.05                     -1
      42.99999999999999      2.323552603448421                  0.025                   0.05                     -1
      43.99999999999999       2.34390639063909                  0.025                   0.05                     -1
      44.99999999999999      2.363387107002502                  0.025                   0.05                     -1
      45.99999999999999      2.383529703307588                  0.025                   0.05                     -1
      46.99999999999999      2.403508165247373                  0.025                   0.05                     -1
      47.99999999999999      2.423764853927912                  0.025                   0.05                     -1
      48.99999999999999      2.442634725797936                  0.025                   0.05                     -1
      49.99999999999999      2.463581741479627                  0.025                   0.05                     -1
      50.99999999999999      2.485159133941546                  0.025                   0.05                     -1
      51.99999999999999      2.509221081408779                  0.025                   0.05                     -1
      52.99999999999999      2.532166535402484                  0.025                   0.05                     -1
      53.99999999999999      2.556452618313983                  0.025                   0.05                     -1
      54.99999999999999      2.583151839806067                  0.025                   0.05                     -1
      55.99999999999999      2.610678480834583                  0.025                   0.05                     -1
      56.99999999999999      2.634510474517632                  0.025                   0.05                     -1
      57.99999999999999      2.658845040032816                  0.025                   0.05                     -1
      58.99999999999999      2.683986090889831                  0.025                   0.05                     -1
      59.99999999999999       2.70879123470914                  0.025                   0.05                     -1
      60.99999999999999      2.731441109861272                  0.025                   0.05                     -1
      61.99999999999999      2.755612269563563                  0.025                   0.05                     -1
      62.99999999999999      2.780783732829156                  0.025                   0.05                     -1
      63.99999999999999      2.806091782092007                  0.025                   0.05                     -1
      64.99999999999999      2.831713397266601                  0.025                   0.05                     -1
      65.99999999999999      2.855705142738084                  0.025                   0.05                     -1
      66.99999999999999      2.881054652317618                  0.025                   0.05                     -1
      67.99999999999999      2.907070307785468                  0.025                   0.05                     -1
      68.99999999999999      2.933185450050616                  0.025                   0.05                     -1
      69.99999999999999       2.95775291937786                  0.025                   0.05                     -1
      70.99999999999999      2.982144253572375                  0.025                   0.05                     -1
      71.99999999999999      3.005333268752444                  0.025                   0.05                     -1
      72.99999999999999      3.027059702928661                  0.025                   0.05                     -1
      73.99999999999999      3.046877862553282                  0.025                   0.05                     -1
      74.99999999999999      3.068569661023316                  0.025                   0.05                     -1
      75.99999999999999      3.089415644573438                  0.025                   0.05                     -1
      76.99999999999999      3.110178547153925                  0.025                   0.05                     -1
      77.99999999999999       3.12948549217406                  0.025                   0.05                     -1
      78.99999999999999      3.147967989495807                  0.025                   0.05                     -1
      79.99999999999999      3.164333793428755                  0.025                   0.05                     -1
      80.99999999999999        3.1811654059341                  0.025                   0.05                     -1
      81.99999999999999      3.199783660204107                  0.025                   0.05                     -1
      82.99999999999999      3.219530572305999                  0.025                   0.05                     -1
      83.99999999999999      3.237703321606479                  0.025                   0.05                     -1
      84.99999999999999      3.256849063649251                  0.025                   0.05                     -1
      85.99999999999999      3.276458281369582                  0.025                   0.05                     -1
      86.99999999999999      3.296850935118356                  0.025                   0.05                     -1
      87.99999999999999      3.318175952683734                  0.025                   0.05                     -1
      88.99999999999999      3.340441283826225                  0.025                   0.05                     -1
      89.99999999999999      3.366205819983604                  0.025                   0.05                     -1
      90.99999999999999      3.395766123091975                  0.025                   0.05                     -1
      91.99999999999999       3.42073911282747                  0.025                   0.05                     -1
      92.99999999999999      3.440535621762559                  0.025                   0.05                     -1
      93.99999999999999      3.463331612084788                  0.025                   0.05                     -1
      94.99999999999999      3.486349766852972                  0.025                   0.05                     -1
      95.99999999999999      3.509186858653957                  0.025                   0.05                     -1
      96.99999999999999      3.531658522080232                  0.025                   0.05                     -1
      97.99999999999999      3.545989918710792                  0.025                   0.05                     -1
      98.99999999999999      3.545680512213746                  0.025                   0.05                     -1
      99.99999999999999        3.5346969513982                  0.025                   0.05                     -1
