#! FIELDS time ss.coord-7 sigma_ss.coord-7 height biasf
#! SET multivariate false
#! SET kerneltype stretched-gaussian
     0.4999999999999999       2.59979274944469                    0.1                      2                      1
     0.9999999999999998      2.544168465577822                    0.1      2.086173039484835                      1
                    1.5      2.564440140825561                    0.1      0.935871133386006                      1
                      2      2.580410312993856                    0.1      1.847632651712387                      1
                    2.5      2.565819853496726                    0.1     0.5475386162932206                      1
                      3      2.665897962235075                    0.1      2.860187579696941                      1
      3.499999999999999      3.152951395581994                    0.1                      2                      1
      3.999999999999999      3.037062996222132                    0.1      1.817052880709422                      1
      4.499999999999999      3.073621627351578                    0.1      1.904488345207221                      1
      4.999999999999999      3.240337036533535                    0.1      3.001463205429482                      1
      5.499999999999999      3.165874305460791                    0.1      1.868773747408094                      1
      5.999999999999999      3.191616167356111                    0.1      1.746159521615007                      1
      6.499999999999999      3.064668698024601                    0.1      2.837160627097706                      1
      6.999999999999998      3.122069196815318                    0.1     0.2483181777771928                      1
      7.499999999999998      3.113249302581081                    0.1      0.451914388001943                      1
      7.999999999999998      2.913657122115898                    0.1      3.958871269261903                      1
      8.499999999999998      3.228124262931615                    0.1       2.71737860161797                      1
      8.999999999999998      2.895686472348698                    0.1      3.836656370240366                      1
      9.499999999999998      3.017590231637873                    0.1      0.154529575499491                      1
      9.999999999999998      3.118199300140569                    0.1     0.4256620776235173                      1
                   10.5      3.101509128709422                    0.1      2.451907003509668                      1
                     11      3.113951506173203                    0.1     0.4171053842627802                      1
                   11.5      3.253291642392754                    0.1      1.274269478178563                      1
                     12      2.997214526945038                    0.1      1.210716810853735                      1
                   12.5      3.125665713437699                    0.1      2.267828535445188                      1
                     13      3.013672215290228                    0.1     0.6928988267408147                      1
                   13.5      2.992979493799383                    0.1      3.521569937361714                      1
                     14      3.286664652643894                    0.1      3.964596752631981                      1
                   14.5       3.16526627322162                    0.1      1.213634013532144                      1
                     15      3.080940147983597                    0.1      1.948554661557842                      1
                   15.5      3.096808972160443                    0.1    0.05478624889702356                      1
                     16      3.119265228352613                    0.1     0.3432401190061284                      1
                   16.5      3.102437718592732                    0.1      2.115514123511768                      1
                     17      2.845144937677759                    0.1       3.99542885694186                      1
                   17.5      3.117791974108873                    0.1   0.002182532264540848                      1
                     18      3.186707454232443                    0.1    0.04394961005686946                      1
                   18.5      3.121710023500246                    0.1      2.344085999192697                      1
                     19      3.003460440439639                    0.1     0.7952234577047914                      1
                   19.5      3.239930474247617                    0.1      3.910384840329556                      1
                     20      3.044574183784189                    0.1      1.448321728213765                      1
                   20.5      3.035273184194787                    0.1      2.374146767045931                      1
                     21      3.067503250841258                    0.1  0.0007092878261948526                      1
                   21.5      3.335556103434471                    0.1      3.997500479918234                      1
                     22      3.080933503234586                    0.1     0.7871841707916603                      1
                   22.5      2.891357253449833                    0.1      3.996279938149061                      1
                     23      3.016885958557769                    0.1     0.7964428418557931                      1
                   23.5      3.323807036275166                    0.1         3.964232922905                      1
                     24      3.087633885635827                    0.1     0.1466557380444559                      1
                   24.5      2.982805993779269                    0.1      3.165539258603923                      1
                     25      3.059832880351894                    0.1      0.712613057176239                      1
                   25.5      2.923631550852991                    0.1      3.917456911613814                      1
                     26      3.193598685918698                    0.1   0.009443152508033223                      1
                   26.5      3.112572102563931                    0.1  4.763557610516263e-05                      1
                     27       3.08528004943583                    0.1   0.000242427655174376                      1
      27.49999999999999      3.100024932484296                    0.1      1.214674959670371                      1
      27.99999999999999      3.035178887373475                    0.1  0.0001209999615797135                      1
      28.49999999999999      3.216665749744491                    0.1      2.710375753039174                      1
      28.99999999999999      3.079133297809872                    0.1     0.7905135903679769                      1
      29.49999999999999       2.98773197463815                    0.1    0.02120194271176946                      1
      29.99999999999999      3.026002790670264                    0.1  4.885664849256846e-05                      1
      30.49999999999999      3.210800138373634                    0.1      3.482077445174959                      1
      30.99999999999999      2.825167231253878                    0.1      3.999826826012711                      1
      31.49999999999999      3.348140462377398                    0.1      3.999372192003814                      1
      31.99999999999999      2.861959744678944                    0.1      3.994612982500864                      1
      32.49999999999999      3.131518700052586                    0.1   0.005687343059954847                      1
      32.99999999999999       3.05844841081412                    0.1     0.9750606564375974                      1
      33.49999999999999      3.016427223794226                    0.1      2.417661131335212                      1
      33.99999999999999      2.823721845933549                    0.1      3.998911887412138                      1
      34.49999999999999      3.095913060062752                    0.1       1.24124005245897                      1
      34.99999999999999      3.073949606973482                    0.1   0.003327748154513809                      1
      35.49999999999999      3.151532153324631                    0.1      2.064313373596027                      1
      35.99999999999999      3.117727627933086                    0.1     0.9925801325456333                      1
      36.49999999999999      3.045435297422733                    0.1    0.02664368983109875                      1
      36.99999999999999      3.227890582809842                    0.1   1.83503468250647e-06                      1
      37.49999999999999      3.181335360657656                    0.1  0.0003266059007241712                      1
      37.99999999999999      2.959689582823255                    0.1      3.781018225370353                      1
      38.49999999999999      3.045645243718435                    0.1  2.004997733665138e-07                      1
      38.99999999999999      3.339838075848806                    0.1      3.999822679989278                      1
      39.49999999999999      2.970952762822487                    0.1  0.0002166931693815831                      1
      39.99999999999999      3.223214486249407                    0.1     0.1260758417098036                      1
      40.49999999999999      3.263402019937581                    0.1      3.963469440388985                      1
      40.99999999999999       2.94631466949666                    0.1      2.054037061628041                      1
      41.49999999999999       3.25252417173866                    0.1  4.896255451147242e-07                      1
      41.99999999999999      2.872774106211611                    0.1      3.833779937074815                      1
      42.49999999999999      3.273030397030624                    0.1      3.884521920758967                      1
      42.99999999999999      3.231536152681131                    0.1     0.6246576620361777                      1
      43.49999999999999       2.79067457987782                    0.1      3.999869362281967                      1
      43.99999999999999      2.731842242808224                    0.1      3.999988172850728                      1
      44.49999999999999      2.761200956727354                    0.1      3.999760067429837                      1
      44.99999999999999      3.307481432054426                    0.1      3.963162627180702                      1
      45.49999999999999      3.305331065877935                    0.1      3.809275888359732                      1
      45.99999999999999      3.202087172348407                    0.1     0.3875545588114185                      1
      46.49999999999999      3.102852006987613                    0.1      1.874695997500997                      1
      46.99999999999999      2.975556718666959                    0.1     0.2263079689124256                      1
      47.49999999999999      3.064472962834579                    0.1  0.0002224594100334158                      1
      47.99999999999999      3.113131726013361                    0.1     0.4162926814029283                      1
      48.49999999999999      2.957169421314776                    0.1   5.14660282107417e-05                      1
      48.99999999999999      3.004752086880091                    0.1  5.280509844719905e-08                      1
      49.49999999999999      3.060649974224686                    0.1  0.0008031124388777407                      1
      49.99999999999999      3.103782670171043                    0.1  1.375032034236633e-05                      1
      50.49999999999999       2.80953037630356                    0.1      3.997625285485148                      1
      50.99999999999999       2.72917849288694                    0.1      3.999980721812827                      1
      51.49999999999999      3.116682217179648                    0.1       1.84265417718453                      1
      51.99999999999999      3.282097758160428                    0.1      3.079645476093284                      1
      52.49999999999999      3.150793770122914                    0.1      0.775535656012786                      1
      52.99999999999999      3.069244554154249                    0.1     0.4757759247969205                      1
      53.49999999999999      3.050409127535754                    0.1      2.939474064626172                      1
      53.99999999999999      3.068829749070118                    0.1      1.359474314071062                      1
      54.49999999999999      3.074587125072013                    0.1      2.199113687015685                      1
      54.99999999999999      3.091030685074708                    0.1     0.1701505353381176                      1
