#! FIELDS time ss.coord-0 sigma_ss.coord-0 height biasf
#! SET multivariate false
#! SET kerneltype stretched-gaussian
     0.4999999999999999      1.937936485172049                    0.1                      2                      1
     0.9999999999999998      1.910934129043238                    0.1      1.913826960515166                      1
                    1.5       2.09309109062209                    0.1      3.064128866613995                      1
                      2       2.06181103747504                    0.1      2.152367348287613                      1
                    2.5      1.806925764805579                    0.1      3.452461383706779                      1
                      3      2.033316735283231                    0.1      1.139812420303059                      1
      3.499999999999999      2.541385296721502                    0.1                      2                      1
      3.999999999999999      2.372698107512912                    0.1      2.182947119290579                      1
      4.499999999999999      2.464070299699258                    0.1      2.095511654792779                      1
      4.999999999999999      2.496133758786355                    0.1      0.998536794570518                      1
      5.499999999999999      2.466318732315214                    0.1      2.131226252591906                      1
      5.999999999999999      2.408931991238806                    0.1      2.253840478384994                      1
      6.499999999999999      2.481671305220425                    0.1      1.162839372902294                      1
      6.999999999999998      2.301490801829686                    0.1      3.751681822222807                      1
      7.499999999999998      2.571442348793005                    0.1      3.548085611998057                      1
      7.999999999999998      2.457039766379254                    0.1    0.04112873073809766                      1
      8.499999999999998      2.552308211147553                    0.1       1.28262139838203                      1
      8.999999999999998      2.528452704417177                    0.1     0.1633436297596334                      1
      9.499999999999998      2.669140091285458                    0.1      3.845470424500509                      1
      9.999999999999998      2.313927305505128                    0.1      3.574337922376483                      1
                   10.5      2.403064256417511                    0.1      1.548092996490332                      1
                     11      2.612906163120946                    0.1       3.58289461573722                      1
                   11.5      2.690244047976612                    0.1      2.725730521821437                      1
                     12      2.284204260681233                    0.1      2.789283189146265                      1
                   12.5      2.434225477610688                    0.1      1.732171464554811                      1
                     13      2.255487645799704                    0.1      3.307101173259186                      1
                   13.5       2.46199374900138                    0.1     0.4784300626382856                      1
                     14      2.415898272482031                    0.1     0.0354032473680188                      1
                   14.5      2.530050850127378                    0.1      2.786365986467857                      1
                     15      2.490168938015098                    0.1      2.051445338442157                      1
                   15.5      2.664273342688193                    0.1      3.945213751102977                      1
                     16      2.315521861239972                    0.1      3.656759880993872                      1
                   16.5      2.541066246663308                    0.1      1.884485876488232                      1
                     17      2.347349211895114                    0.1   0.004571143058140016                      1
                   17.5      2.145345374028079                    0.1       3.99781746773546                      1
                     18       2.71202266515921                    0.1      3.956050389943131                      1
                   18.5      2.541307376989465                    0.1      1.655914000807303                      1
                     19      2.267323979012147                    0.1      3.204776542295209                      1
                   19.5      2.546753143298357                    0.1    0.08961515967044327                      1
                     20      2.334253563684705                    0.1      2.551678271786236                      1
                   20.5      2.417681295136293                    0.1      1.625853232954069                      1
                     21      2.111772104826796                    0.1      3.999290712173805                      1
                   21.5      2.592147220732244                    0.1   0.002499520081766065                      1
                     22      2.542447873648028                    0.1       3.21281582920834                      1
                   22.5       2.53185834767521                    0.1   0.003720061850939399                      1
                     23      2.286335686837641                    0.1      3.203557158144207                      1
                   23.5      2.635426941061718                    0.1    0.03576707709499978                      1
                     24      2.629046777674986                    0.1      3.853344261955544                      1
                   24.5       2.31822920585501                    0.1     0.8344607413960765                      1
                     25      2.315624548448455                    0.1      3.287386942823761                      1
                   25.5      2.519030108414374                    0.1    0.08254308838618615                      1
                     26      2.718330730454921                    0.1      3.990556847491967                      1
                   26.5      2.788595451642973                    0.1      3.999952364423895                      1
                     27      2.783585745674493                    0.1      3.999757572344826                      1
      27.49999999999999      2.518188114994066                    0.1      2.785325040329629                      1
      27.99999999999999      2.085938231096833                    0.1       3.99987900003842                      1
      28.49999999999999      2.676801202995425                    0.1      1.289624246960825                      1
      28.99999999999999      2.351511538069739                    0.1      3.209486409632023                      1
      29.49999999999999      2.169007970809089                    0.1       3.97879805728823                      1
      29.99999999999999       2.00617926417649                    0.1      3.999951143351507                      1
      30.49999999999999      2.490031757049143                    0.1     0.5179225548250408                      1
      30.99999999999999      2.489307389154963                    0.1  0.0001731739872881199                      1
      31.49999999999999      2.618941572224653                    0.1  0.0006278079961857073                      1
      31.99999999999999      2.381856553795288                    0.1   0.005387017499135649                      1
      32.49999999999999      2.733771906050939                    0.1      3.994312656940045                      1
      32.99999999999999      2.489302030757155                    0.1      3.024939343562402                      1
      33.49999999999999       2.50977920222952                    0.1      1.582338868664788                      1
      33.99999999999999      2.392391404019588                    0.1   0.001088112587862272                      1
      34.49999999999999      2.469755136114189                    0.1       2.75875994754103                      1
      34.99999999999999       2.18214534668842                    0.1      3.996672251845486                      1
      35.49999999999999      2.585611719606333                    0.1      1.935686626403972                      1
      35.99999999999999      2.401085450065009                    0.1      3.007419867454367                      1
      36.49999999999999      2.207653888560523                    0.1      3.973356310168901                      1
      36.99999999999999      2.881058379148806                    0.1      3.999998164965318                      1
      37.49999999999999      2.796401051444216                    0.1      3.999673394099276                      1
      37.99999999999999      2.496228046937129                    0.1     0.2189817746296476                      1
      38.49999999999999      1.945820904936018                    0.1      3.999999799500227                      1
      38.99999999999999      2.603770772086564                    0.1   0.000177320010722879                      1
      39.49999999999999      2.041254546875611                    0.1      3.999783306830619                      1
      39.99999999999999      2.742024440302427                    0.1      3.873924158290197                      1
      40.49999999999999      2.498581905682403                    0.1    0.03653055961101569                      1
      40.99999999999999      2.272483796116951                    0.1      1.945962938371959                      1
      41.49999999999999      2.931228427820778                    0.1      3.999999510374455                      1
      41.99999999999999      2.244984170895182                    0.1     0.1662200629251844                      1
      42.49999999999999      2.417779876254157                    0.1     0.1154780792410332                      1
      42.99999999999999      2.669451654462729                    0.1      3.375342337963822                      1
      43.49999999999999      2.373097979115493                    0.1  0.0001306377180325877                      1
      43.99999999999999      2.282612189145461                    0.1  1.182714927144979e-05                      1
      44.49999999999999      2.379887127343874                    0.1  0.0002399325701626176                      1
      44.99999999999999      2.596732212192795                    0.1    0.03683737281929773                      1
      45.49999999999999      2.510292053681663                    0.1     0.1907241116402688                      1
      45.99999999999999      2.475738537084499                    0.1      3.612445441188582                      1
      46.49999999999999      2.502932649419939                    0.1      2.125304002499004                      1
      46.99999999999999      2.259049066198787                    0.1      3.773692031087575                      1
      47.49999999999999      2.083272542312783                    0.1      3.999777540589966                      1
      47.99999999999999      2.262938658265699                    0.1      3.583707318597072                      1
      48.49999999999999      2.004534318190919                    0.1      3.999948533971789                      1
      48.99999999999999      1.878606945591974                    0.1      3.999999947194902                      1
      49.49999999999999      2.037118272620082                    0.1      3.999196887561122                      1
      49.99999999999999      2.826753325505593                    0.1      3.999986249679657                      1
      50.49999999999999      2.311847243180037                    0.1   0.002374714514851434                      1
      50.99999999999999      2.447369282478465                    0.1  1.927818717348273e-05                      1
      51.49999999999999      2.494394175003672                    0.1      2.157345822815469                      1
      51.99999999999999       2.59847748308202                    0.1     0.9203545239067159                      1
      52.49999999999999      2.308406648074833                    0.1      3.224464343987214                      1
      52.99999999999999      2.634454976469564                    0.1       3.52422407520308                      1
      53.49999999999999      2.544891790430312                    0.1      1.060525935373828                      1
      53.99999999999999      2.421156612782881                    0.1      2.640525685928938                      1
      54.49999999999999      2.502388170825101                    0.1      1.800886312984314                      1
      54.99999999999999      2.641312564307827                    0.1      3.829849464661882                      1
